City,Lat,Long,Max Temp,Humidity,Cloudiness,Wind Speed,Country,Date
Cidreira,-30.18,-50.21,15.16,74,0,3.32,BR,1596319681
Lebu,-37.62,-73.65,11.18,93,28,3.51,CL,1596319681
Rikitea,-23.12,-134.97,23.29,77,11,3.64,PF,1596319682
Coihueco,-36.62,-71.83,12.78,100,75,6.7,CL,1596319682
Ushuaia,-54.8,-68.3,6.0,75,40,2.1,AR,1596319613
Busselton,-33.65,115.33,10.56,84,95,0.67,AU,1596319650
Kloulklubed,7.04,134.26,25.0,94,75,1.5,PW,1596319683
Turukhansk,65.82,87.98,12.33,71,8,3.06,RU,1596319683
Pontianak,-0.03,109.33,23.85,94,99,1.93,ID,1596319683
Atuona,-9.8,-139.03,26.06,78,99,8.12,PF,1596319653
Port Elizabeth,-33.92,25.57,13.0,93,0,1.5,ZA,1596319658
Poronaysk,49.22,143.12,15.74,95,93,5.79,RU,1596319684
Punta Arenas,-53.15,-70.92,3.0,86,90,1.5,CL,1596319682
Barrow,71.29,-156.79,2.0,80,90,2.6,US,1596319684
Sibolga,1.74,98.78,24.2,81,100,1.8,ID,1596319684
Rechka Vydrino,51.48,104.85,13.62,91,100,6.38,RU,1596319685
Vardø,70.37,31.11,9.35,86,96,5.88,NO,1596319442
Portland,45.52,-122.68,27.78,49,31,0.45,US,1596319615
Storm Lake,42.64,-95.21,28.0,65,20,4.6,US,1596319685
Cabo San Lucas,22.89,-109.91,33.0,52,5,6.2,MX,1596319685
East London,-33.02,27.91,15.95,70,0,4.1,ZA,1596319686
Faanui,-16.48,-151.75,26.02,80,35,5.51,PF,1596319686
Zharkovskiy,55.85,32.27,12.81,88,97,3.36,RU,1596319686
Pochutla,15.74,-96.47,34.44,49,20,5.1,MX,1596319686
Tiksi,71.69,128.87,7.44,77,0,1.16,RU,1596319687
Daru,-9.08,143.21,24.29,77,85,5.66,PG,1596319687
New Norfolk,-42.78,147.06,9.44,76,9,1.79,AU,1596319649
Shaowu,27.34,117.48,23.91,90,1,1.11,CN,1596319688
Makakilo City,21.35,-158.09,31.0,40,1,3.1,US,1596319688
Ismailia,30.6,32.27,23.35,74,0,1.45,EG,1596319688
Cockburn Town,21.46,-71.14,29.0,70,75,7.7,TC,1596319396
Butaritari,3.07,172.79,28.48,80,2,7.56,KI,1596319689
Pemba,-12.97,40.52,23.0,88,20,7.2,MZ,1596319689
Chokurdakh,70.63,147.92,13.75,60,85,1.38,RU,1596319600
Saint Paul Harbor,57.79,-152.41,14.0,82,90,3.6,US,1596319690
Fairbanks,64.84,-147.72,25.56,50,1,0.78,US,1596319690
Jamestown,42.1,-79.24,23.33,77,100,4.47,US,1596319438
Port Lincoln,-34.73,135.87,12.77,79,92,2.39,AU,1596319691
Port Alfred,-33.59,26.89,15.15,76,0,4.98,ZA,1596319691
Saint-François,46.42,3.91,24.0,60,97,2.1,FR,1596319691
Kuril'sk,45.23,147.88,17.14,87,99,3.99,RU,1596319692
Hilo,19.73,-155.09,27.0,65,90,4.6,US,1596319653
Qaanaaq,77.48,-69.36,4.48,70,20,2.97,GL,1596319601
Cayenne,4.93,-52.33,28.0,78,91,1.5,GF,1596319692
Cherskiy,68.75,161.3,6.79,74,98,4.04,RU,1596319410
Dum Duma,27.57,95.57,25.15,95,86,0.32,IN,1596319683
Porto Velho,-8.76,-63.9,33.0,36,40,2.6,BR,1596319616
Newport,51.59,-3.0,13.89,79,10,1.34,GB,1596319694
Yangi Marg`ilon,40.43,71.72,26.0,31,67,5.1,UZ,1596319694
Uarini,-2.99,-65.11,31.0,55,40,2.1,BR,1596319694
Camacha,33.08,-16.33,22.0,83,75,5.7,PT,1596319694
Albany,42.6,-73.97,31.11,41,71,0.75,US,1596319693
Santa Cruz de la Sierra,-17.8,-63.17,30.0,33,34,5.1,BO,1596319695
Tuatapere,-46.13,167.68,11.21,89,54,1.01,NZ,1596319695
Ponta do Sol,32.67,-17.1,23.0,64,20,11.3,PT,1596319680
Castro,-24.79,-50.01,12.97,78,0,1.02,BR,1596319680
Eufaula,31.89,-85.15,34.44,67,2,4.08,US,1596319695
Geraldton,-28.77,114.6,7.0,93,39,3.6,AU,1596319696
George Town,5.41,100.34,25.0,94,40,2.6,MY,1596319696
Saskylakh,71.92,114.08,17.58,52,100,2.9,RU,1596319696
Hobart,-42.88,147.33,9.44,61,20,3.6,AU,1596319679
Knysna,-34.04,23.05,10.0,100,2,1.0,ZA,1596319697
Esperance,-33.87,121.9,7.0,93,100,5.1,AU,1596319697
Puerto Ayora,-0.74,-90.35,27.0,61,20,4.1,EC,1596319650
Kapaa,22.08,-159.32,28.0,69,40,6.7,US,1596319698
West Wendover,40.74,-114.07,39.0,8,1,4.6,US,1596319698
Bredasdorp,-34.53,20.04,9.0,93,0,2.1,ZA,1596319411
Bluff,-46.6,168.33,11.09,90,83,5.2,NZ,1596319698
Upernavik,72.79,-56.15,5.91,66,22,5.95,GL,1596319699
Puerto Suárez,-18.95,-57.8,32.0,27,0,3.6,BO,1596319699
Ahipara,-35.17,173.17,13.53,89,100,5.93,NZ,1596319670
Bambous Virieux,-20.34,57.76,22.0,83,75,7.7,MU,1596319656
Adzopé,6.11,-3.86,21.11,94,22,1.45,CI,1596319699
Praia da Vitória,38.73,-27.07,24.0,60,20,3.05,PT,1596319700
Lavrentiya,65.58,-171.0,7.9,66,97,4.44,RU,1596319700
Farsund,58.09,6.8,18.89,79,71,5.93,NO,1596319700
Faya,18.39,42.45,22.0,72,91,4.1,SA,1596319700
Mokobeng,-23.0,27.67,12.21,47,0,1.58,BW,1596319701
Arinos,-15.92,-46.11,21.54,48,25,2.4,BR,1596319701
Whitehorse,60.72,-135.05,21.67,49,75,8.7,CA,1596319701
Port Macquarie,-31.43,152.92,10.0,98,1,1.64,AU,1596319702
Hasaki,35.73,140.83,23.0,94,75,4.6,JP,1596319702
Saint-Philippe,-21.36,55.77,20.0,77,90,6.2,RE,1596319669
Illela,13.73,5.3,29.99,51,65,2.48,NG,1596319703
Cape Town,-33.93,18.42,11.11,87,0,1.5,ZA,1596319703
Norman Wells,65.28,-126.83,28.0,48,5,4.6,CA,1596319703
Fortuna,40.6,-124.16,22.22,30,26,4.02,US,1596319703
Lüderitz,-26.65,15.16,24.0,19,0,4.1,NA,1596319704
Korla,41.76,86.15,26.05,25,94,3.78,CN,1596319704
Rawson,-43.3,-65.1,13.62,49,71,8.55,AR,1596319704
Tekeli,44.83,78.82,18.33,49,100,3.12,KZ,1596319704
Airai,-8.93,125.41,11.1,65,0,1.71,TL,1596319705
Chilia Veche,45.42,29.28,21.11,52,52,3.6,RO,1596319705
Kidal,18.44,1.41,34.73,34,0,6.02,ML,1596319705
Kaitangata,-46.28,169.85,11.67,70,90,0.89,NZ,1596319705
Hermanus,-34.42,19.23,12.22,87,0,1.79,ZA,1596319706
Vaini,-21.2,-175.2,23.0,73,75,5.1,TO,1596319706
Naze,28.37,129.48,28.0,88,75,2.6,JP,1596319706
Constitución,-35.33,-72.42,12.5,93,100,6.12,CL,1596319706
Ribeira Grande,38.52,-28.7,22.03,68,9,3.27,PT,1596319661
Talnakh,69.49,88.4,14.0,76,70,4.0,RU,1596319707
Thomasville,35.88,-80.08,33.33,61,68,0.89,US,1596319707
Flin Flon,54.77,-101.86,23.0,38,20,2.1,CA,1596319707
Petropavlovsk-Kamchatskiy,53.05,158.65,16.0,72,85,2.0,RU,1596319707
Palmer,42.16,-72.33,33.33,35,20,0.42,US,1596319708
Ketchikan,55.34,-131.65,19.0,72,90,12.9,US,1596319708
Mar del Plata,-38.0,-57.56,10.0,93,100,6.2,AR,1596319675
Kiama,-34.68,150.87,12.22,64,62,0.89,AU,1596319705
Pirovskoye,57.63,92.27,13.23,79,100,2.49,RU,1596319709
Acarí,-15.43,-74.62,19.96,53,12,2.94,PE,1596319709
Pitkyaranta,61.57,31.48,12.61,81,75,2.59,RU,1596319709
Sawākin,19.11,37.33,31.99,57,100,7.16,SD,1596319709
Shizuishan,39.23,106.77,25.03,17,0,2.9,CN,1596319709
Paysandu,-32.32,-58.08,17.86,93,53,4.25,UY,1596319710
Bengkulu,-3.8,102.27,23.32,88,100,1.97,ID,1596319710
Mahon,39.89,4.27,25.0,78,0,2.1,ES,1596319710
Dali,25.7,100.18,17.66,81,98,0.8,CN,1596319710
Tura,25.52,90.22,24.81,85,70,1.03,IN,1596319711
Vaitape,-16.52,-151.75,26.48,78,35,5.41,PF,1596319711
Yar-Sale,66.83,70.83,12.67,94,99,3.25,RU,1596319711
Iqaluit,63.75,-68.51,17.0,59,75,6.7,CA,1596319711
Saint George,37.1,-113.58,43.33,8,1,5.7,US,1596319599
Quatre Cocos,-20.21,57.76,22.0,83,75,7.7,MU,1596319712
Suez,29.97,32.53,24.84,69,0,1.96,EG,1596319712
Marsabit,2.33,37.99,16.55,85,15,12.74,KE,1596319712
Tasiilaq,65.61,-37.64,11.0,40,20,1.5,GL,1596319713
Concordia,-31.39,-58.02,24.0,64,31,3.6,AR,1596319612
Deputatsky,69.3,139.9,12.02,65,65,1.72,RU,1596319712
Riyadh,24.69,46.72,39.0,22,80,1.0,SA,1596319590
Qorveh,35.17,47.8,15.84,33,0,2.72,IR,1596319713
Touros,-5.2,-35.46,26.0,78,75,5.1,BR,1596319714
Gorom-Gorom,14.44,-0.24,29.88,55,75,5.26,BF,1596319714
Plettenberg Bay,-34.05,23.37,14.99,57,0,1.63,ZA,1596319714
Hithadhoo,-0.6,73.08,28.05,75,20,4.97,MV,1596319715
Thompson,55.74,-97.86,22.0,40,20,5.1,CA,1596319715
Russell,32.35,-85.2,34.0,52,20,4.1,US,1596319652
Sur,22.57,59.53,28.79,72,12,5.2,OM,1596319715
Leningradskiy,69.38,178.42,6.17,69,100,1.92,RU,1596319715
Bisira,8.52,-81.71,19.92,94,81,1.09,PA,1596319716
Nome,64.5,-165.41,15.0,76,75,3.1,US,1596319662
Henties Bay,-22.12,14.28,23.89,19,0,3.12,NA,1596319716
Bose,45.46,8.01,23.89,70,92,1.79,IT,1596319717
Udachny,66.42,112.4,14.0,62,48,2.0,RU,1596319717
Sinnamary,5.38,-52.95,26.72,84,96,3.25,GF,1596319680
Yellowknife,62.46,-114.35,27.78,57,75,5.1,CA,1596319717
São Filipe,14.9,-24.5,25.05,84,13,3.55,CV,1596319675
Namatanai,-3.67,152.43,26.95,82,99,3.77,PG,1596319718
Civitavecchia,42.09,11.8,27.78,36,0,3.61,IT,1596319718
Chingirlau,51.09,54.08,24.3,29,1,4.43,KZ,1596319718
Grand Gaube,-20.01,57.66,20.56,83,26,2.24,MU,1596319719
Mataura,-46.19,168.86,10.88,78,100,0.44,NZ,1596319651
Sibiti,-3.68,13.35,22.81,63,30,1.69,CG,1596319719
Bathsheba,13.22,-59.52,30.0,70,20,3.1,BB,1596319719
Moerai,-22.43,-151.33,23.2,74,4,2.99,PF,1596319719
Ancud,-41.87,-73.82,10.56,81,75,4.1,CL,1596319720
Kalangala,-0.31,32.23,22.0,78,20,2.1,UG,1596319720
Mossamedes,-15.2,12.15,19.53,78,0,2.01,AO,1596319671
Bela Vista,-22.11,-56.52,25.4,40,0,2.81,BR,1596319720
Nemuro,43.32,145.57,17.65,88,70,5.76,JP,1596319721
Bac Lieu,9.29,105.72,26.39,85,100,6.39,VN,1596319679
Mahébourg,-20.41,57.7,22.0,83,75,7.7,MU,1596319663
Boende,-0.22,20.87,23.81,84,100,0.69,CD,1596319721
Bandarbeyla,9.49,50.81,25.35,73,79,11.36,SO,1596319721
Avarua,-21.21,-159.78,23.0,64,54,2.1,CK,1596319653
Coquimbo,-29.95,-71.34,14.0,82,20,4.6,CL,1596319722
Chui,-33.7,-53.46,11.01,82,0,3.57,UY,1596319722
Bilma,18.69,12.92,30.27,53,83,9.63,NE,1596319722
São Francisco de Assis,-29.55,-55.13,19.53,87,14,3.16,BR,1596319723
Haines Junction,60.75,-137.51,18.21,67,100,4.1,CA,1596319720
Fukuechō,32.69,128.84,27.31,85,31,4.07,JP,1596319723
Marzuq,14.4,46.47,25.16,62,2,2.82,YE,1596319724
Flinders,-34.58,150.86,12.22,87,65,0.89,AU,1596319724
Carnarvon,-24.87,113.63,15.0,87,0,5.1,AU,1596319724
Zhangjiakou,40.81,114.88,20.29,82,0,0.51,CN,1596319602
Ondangwa,-17.92,15.95,16.63,30,0,5.65,NA,1596319725
Caravelas,-17.71,-39.25,21.03,79,24,2.95,BR,1596319725
Souillac,-20.52,57.52,22.0,83,75,7.7,MU,1596319665
Kozhevnikovo,56.26,83.97,13.59,95,3,1.56,RU,1596319725
Ryōtsu-minato,38.08,138.43,22.0,100,50,1.0,JP,1596319725
Pevek,69.7,170.31,2.4,95,100,2.48,RU,1596319726
Verkhoshizhem'ye,58.01,49.1,12.87,97,100,0.85,RU,1596319726
Kabalo,-6.05,26.92,24.98,38,81,1.89,CD,1596319726
Kysyl-Syr,63.9,122.76,16.77,60,0,1.49,RU,1596319726
Mezen',65.85,44.24,10.16,95,100,5.25,RU,1596319727
Bud,39.45,-86.18,22.78,100,90,3.1,US,1596319727
Yasnyy,51.03,59.87,23.43,27,23,4.61,RU,1596319727
High Level,58.52,-117.14,28.0,58,20,6.2,CA,1596319727
Nantucket,41.28,-70.1,24.44,73,1,4.1,US,1596319728
Choix,26.71,-108.32,36.93,40,0,3.48,MX,1596319728
Severobaykal'sk,55.65,109.32,14.23,90,96,1.38,RU,1596319721
Codrington,-38.27,141.97,10.16,90,100,3.18,AU,1596319728
Oranjemund,-28.55,16.43,18.62,31,0,0.26,NA,1596319728
Honiara,-9.43,159.95,25.0,88,75,0.49,SB,1596319689
Muğla Province,37.23,28.36,30.0,35,0,1.5,TR,1596319729
Doka,13.52,35.77,20.93,94,98,4.1,SD,1596319729
Margate,51.38,1.39,18.89,73,35,0.89,GB,1596319726
Lompoc,34.64,-120.46,22.0,60,0,7.2,US,1596319730
Przhevalskoye,55.51,31.85,12.84,86,99,3.29,RU,1596319730
Naryan-Mar,67.67,53.09,11.21,93,87,3.3,RU,1596319730
Tuktoyaktuk,69.45,-133.04,12.0,100,90,8.2,CA,1596319731
Les Cayes,18.2,-73.75,28.49,80,100,3.95,HT,1596319731
Uklana Mandi,29.5,75.88,32.04,56,66,2.25,IN,1596319731
Store Heddinge,55.31,12.39,19.0,82,98,4.6,DK,1596319731
Hanna,51.63,-111.9,29.44,38,18,4.47,CA,1596319732
Jiaojiang,28.68,121.44,28.33,95,0,2.08,CN,1596319732
Hanmer Springs,-42.52,172.82,9.81,63,99,3.1,NZ,1596319732
Ous,60.91,61.52,12.62,82,98,1.61,RU,1596319732
Christchurch,-43.53,172.63,13.33,71,100,4.6,NZ,1596319478
Kumluca,36.37,30.29,28.34,52,0,1.6,TR,1596319733
Sovkhoznyy,45.29,38.11,16.11,87,0,2.0,RU,1596319733
Līsakovsk,52.54,62.49,22.62,38,10,3.98,KZ,1596319733
Atbasar,51.8,68.33,20.88,54,20,2.74,KZ,1596319733
Río Cuarto,-33.13,-64.35,25.0,33,79,9.8,AR,1596319575
Morón,-34.65,-58.62,17.78,77,74,4.1,AR,1596319564
Hong Kong,22.29,114.16,26.67,88,100,5.36,HK,1596319673
Arraial do Cabo,-22.97,-42.03,21.0,68,14,3.6,BR,1596319734
Mildura,-34.2,142.15,6.0,47,86,2.6,AU,1596319492
Bubaque,11.28,-15.83,27.23,82,100,4.48,GW,1596319735
Yatou,37.15,122.38,23.96,94,93,2.83,CN,1596319735
Lamont,35.26,-118.91,37.78,17,0,3.13,US,1596319735
Onega,63.91,38.14,9.09,92,28,1.79,RU,1596319736
Luwuk,-0.95,122.79,24.6,81,84,2.31,ID,1596319736
Kahului,20.89,-156.47,31.0,45,20,10.3,US,1596319671
Dikson,73.51,80.55,8.51,100,87,8.11,RU,1596319737
Grindavik,63.84,-22.43,11.0,100,90,4.1,IS,1596319663
Seoul,37.57,126.98,25.0,100,90,2.72,KR,1596319737
Ürümqi,43.8,87.6,23.0,35,0,1.0,CN,1596319737
Igrim,63.19,64.42,11.73,90,4,2.49,RU,1596319737
Longyearbyen,78.22,15.64,12.0,76,27,1.5,SJ,1596319738
Kavieng,-2.57,150.8,27.81,80,100,3.65,PG,1596319738
Malé,4.17,73.51,28.0,88,75,6.2,MV,1596319738
Aripuanã,-9.17,-60.63,28.5,34,23,1.08,BR,1596319738
Paamiut,61.99,-49.67,7.36,97,100,5.45,GL,1596319739
Waingapu,-9.66,120.26,22.2,84,38,4.17,ID,1596319739
Presidencia Roque Sáenz Peña,-26.79,-60.44,25.15,48,2,3.91,AR,1596319739
Laguna,38.42,-121.42,35.56,31,1,2.6,US,1596319693
Chicama,-7.84,-79.15,20.24,65,16,3.43,PE,1596319656
Strezhevoy,60.73,77.59,16.0,100,80,2.0,RU,1596319740
Muros,42.78,-9.06,18.33,75,19,2.68,ES,1596319697
Vestmannaeyjar,63.44,-20.27,11.27,94,100,6.75,IS,1596319740
Torbay,47.67,-52.73,16.11,100,90,1.0,CA,1596319514
Srednekolymsk,67.45,153.68,12.14,63,97,2.2,RU,1596319677
Ngunguru,-35.62,174.5,14.44,3,100,5.81,NZ,1596319741
La Ronge,55.1,-105.28,24.0,53,20,2.1,CA,1596319741
Bethel,41.37,-73.41,30.56,45,1,3.6,US,1596319741
Shimanovsk,52.0,127.7,14.65,95,82,4.04,RU,1596319742
Normandin,48.83,-72.53,28.0,45,20,1.5,CA,1596319742
Avera,33.19,-82.53,36.0,28,1,4.6,US,1596319742
Taoudenni,22.68,-3.98,40.65,9,0,3.04,ML,1596319742
Harper,4.38,-7.72,24.03,81,100,4.37,LR,1596319743
Taungdwingyi,20.02,95.55,25.14,90,99,2.25,MM,1596319743
Fort Walton Beach,30.41,-86.62,31.67,70,1,3.1,US,1596319743
Wattegama,6.8,81.48,24.0,100,20,3.6,LK,1596319743
Beni,0.5,29.47,17.41,100,100,0.89,CD,1596319744
Nikolskoye,59.7,30.79,12.22,87,20,2.0,RU,1596319744
Vila Franca do Campo,37.72,-25.43,22.0,68,75,3.6,PT,1596319744
Alice Springs,-23.7,133.88,1.0,40,0,2.6,AU,1596319492
Vila,42.03,-8.16,20.56,72,15,6.2,PT,1596319744
Córdoba,-31.41,-64.18,23.0,43,6,7.7,AR,1596319587
Ekhabi,53.51,142.97,11.36,96,100,9.64,RU,1596319745
Kishtwār,33.32,75.77,17.64,70,0,0.99,IN,1596319745
Kabwe,-14.45,28.45,9.99,69,0,3.16,ZM,1596319745
Show Low,34.25,-110.03,32.0,26,1,10.8,US,1596319745
Taltal,-25.4,-70.48,14.87,72,22,1.45,CL,1596319746
Fresnillo,23.17,-102.88,24.0,47,75,3.6,MX,1596319737
Guînes,50.87,1.87,17.0,88,40,3.1,FR,1596319746
Narsaq,60.92,-46.05,12.0,62,75,4.1,GL,1596319683
Pitimbu,-7.47,-34.81,24.0,94,75,4.6,BR,1596319746
Palmas Bellas,9.23,-80.09,30.0,70,94,2.24,PA,1596319747
Fairfield,41.27,-73.32,30.0,45,1,3.6,US,1596319747
Verkh-Chebula,56.03,87.62,10.76,90,83,1.54,RU,1596319747
La Palma,33.85,-118.05,32.22,42,20,3.6,US,1596319747
Kamloops,50.67,-120.32,32.0,27,20,1.0,CA,1596319596
Baní,18.28,-70.33,30.0,95,100,4.41,DO,1596319748
Mayo,38.89,-76.51,30.0,66,40,3.1,US,1596319748
Wamba,8.93,8.6,22.85,92,92,0.9,NG,1596319748
Hede,33.77,120.25,25.65,94,100,1.23,CN,1596319748
Olinda,-8.01,-34.86,26.0,78,75,5.7,BR,1596319749
Rocha,-34.48,-54.33,10.92,87,18,3.66,UY,1596319749
Olafsvik,64.89,-23.71,10.05,91,100,4.48,IS,1596319694
Neuquén,-38.95,-68.06,16.0,38,90,6.2,AR,1596319749
Emerald,-23.53,148.17,12.22,81,0,2.1,AU,1596319750
Broome,42.25,-75.83,28.89,39,1,2.6,US,1596319626
Karpathos,35.51,27.21,26.0,78,0,10.3,GR,1596319750
Sabinas,27.85,-101.12,35.27,30,50,6.05,MX,1596319750
Salalah,17.02,54.09,27.0,94,20,2.6,OM,1596319751
Sfântu Gheorghe,45.87,25.78,12.84,87,53,0.26,RO,1596319751
Bras-Panon,-21.0,55.68,20.0,68,32,2.1,RE,1596319751
Manggar,-2.88,108.27,26.14,82,79,3.95,ID,1596319626
Prince Rupert,54.32,-130.32,19.0,68,90,5.7,CA,1596319752
Altamont,42.21,-121.74,32.22,19,1,3.1,US,1596319752
Asmara,15.33,38.93,14.92,95,66,3.86,ER,1596319752
Lokoja,7.8,6.74,24.09,89,56,1.71,NG,1596319753
Teya,60.38,92.63,13.71,83,98,0.98,RU,1596319753
Klaksvík,62.23,-6.59,11.0,93,12,4.6,FO,1596319565
Sarangani,5.4,125.46,27.65,76,100,3.57,PH,1596319753
Arrondissement de Sarreguemines,49.08,7.33,23.33,60,93,2.6,FR,1596319754
Eyl,7.98,49.82,25.95,67,18,11.36,SO,1596319754
Bairiki Village,1.33,172.98,29.0,74,20,7.2,KI,1596319754
Kodinsk,58.69,99.18,15.68,83,100,1.06,RU,1596319754
Challans,46.84,-1.87,18.33,77,90,2.6,FR,1596319754
Jinxi,30.43,116.29,26.73,87,98,0.69,CN,1596319755
Saint Anthony,45.02,-93.22,25.56,64,90,2.1,US,1596319675
Banepā,27.63,85.52,22.0,100,75,2.6,NP,1596319755
Aljezur,37.32,-8.8,20.02,70,0,6.02,PT,1596319755
Turtas,58.94,69.13,14.65,95,13,1.81,RU,1596319755
Deori,21.45,82.62,27.38,81,100,1.84,IN,1596319756
Gīdam,18.98,81.4,25.26,86,95,0.49,IN,1596319756
Walvis Bay,-22.96,14.51,25.0,15,0,7.2,NA,1596319756
Parakai,-36.65,174.43,13.89,98,100,0.45,NZ,1596319757
Kesinga,20.2,83.23,27.17,84,85,0.53,IN,1596319757
Burnie,-41.07,145.92,10.0,86,25,0.89,AU,1596319709
Benito Juarez,19.39,-99.17,22.78,43,75,5.1,MX,1596319663
Kavaratti,10.57,72.64,27.83,78,100,10.07,IN,1596319758
Yuli,9.7,10.27,23.76,87,93,2.51,NG,1596319758
Grafton,42.21,-71.69,31.11,33,1,3.1,US,1596319758
Corner Brook,48.97,-57.95,21.0,77,75,3.1,CA,1596319634
Dera Bugti,29.03,69.15,33.35,43,0,2.88,PK,1596319759
Gussago,45.58,10.16,29.0,74,40,1.0,IT,1596319759
Lagoa,39.05,-27.98,21.9,71,0,4.0,PT,1596319759
Wasilla,61.58,-149.44,17.22,82,90,0.71,US,1596319759
Kupang,-10.17,123.58,22.0,88,20,3.6,ID,1596319760
Grajewo,53.65,22.46,12.48,94,0,2.66,PL,1596319760
Adrar,20.5,-10.07,38.72,12,3,3.96,MR,1596319673
Kochki,54.34,80.48,14.92,89,2,0.75,RU,1596319760
Narsīpatnam,17.67,82.62,27.0,88,75,1.74,IN,1596319761
Hualmay,-11.1,-77.61,17.92,72,10,4.36,PE,1596319761
Pareora,-44.49,171.21,10.0,96,100,2.16,NZ,1596319761
Clyde River,70.47,-68.59,7.0,93,75,3.1,CA,1596319665
Barbastro,42.04,0.13,25.0,60,0,7.7,ES,1596319762
Moberly,39.42,-92.44,27.22,56,32,1.34,US,1596319599
Lorengau,-2.02,147.27,26.61,81,100,3.86,PG,1596319691
Biak,-0.91,122.88,24.17,85,84,2.93,ID,1596319715
Maniitsoq,65.42,-52.9,8.14,92,100,4.89,GL,1596319762
Zhangye,38.93,100.45,20.77,22,52,3.42,CN,1596319763
Maragogi,-9.01,-35.22,23.14,88,37,4.43,BR,1596319763
Isla Mujeres,21.23,-86.73,31.0,70,75,3.6,MX,1596319763
Nuuk,64.18,-51.72,9.0,87,90,12.3,GL,1596319763
Conde,-7.26,-34.91,24.0,94,75,4.6,BR,1596319764
Khatanga,71.97,102.5,17.04,82,100,3.01,RU,1596319686
Mitsamiouli,-11.38,43.28,24.88,76,0,3.64,KM,1596319650
Cabras,39.93,8.53,25.56,33,0,3.13,IT,1596319764
Saldanha,-33.01,17.94,13.0,71,0,0.5,ZA,1596319764
Sudislavl',57.88,41.71,11.48,95,5,3.65,RU,1596319765
Gigmoto,13.78,124.39,26.08,80,100,1.46,PH,1596319765
Guarapari,-20.67,-40.5,22.78,93,75,2.6,BR,1596319568
Glotovka,53.95,46.7,12.2,99,99,2.34,RU,1596319765
Oppdal,62.59,9.69,14.38,74,48,0.75,NO,1596319766
Road Town,18.42,-64.62,30.0,70,20,2.6,VG,1596319606
El Alto,-4.27,-81.21,21.29,66,2,9.45,PE,1596319766
Bethanien,-26.5,17.16,15.84,28,0,4.12,NA,1596319766
Turiaçu,-1.66,-45.37,25.41,78,86,2.22,BR,1596319767
Sitka,57.05,-135.33,16.0,82,90,2.6,US,1596319767
Nhulunbuy,-12.23,136.77,20.0,82,34,2.6,AU,1596319767
Nguruka,-5.11,31.04,18.43,49,1,1.57,TZ,1596319767
Taree,-31.9,152.47,8.33,100,0,2.6,AU,1596319768
Verkhnyaya Sysert’,56.44,60.75,15.0,100,97,2.0,RU,1596319768
Coxim,-18.51,-54.76,28.05,27,1,3.32,BR,1596319768
Alyangula,-13.85,136.42,14.0,93,21,4.71,AU,1596319768
Husavik,66.04,-17.34,15.0,72,40,2.6,IS,1596319654
Zhezkazgan,47.8,67.71,24.32,37,3,4.85,KZ,1596319769
Camacupa,-12.02,17.48,14.68,48,0,2.09,AO,1596319769
Mount Gambier,-37.83,140.77,7.0,100,90,2.6,AU,1596319769
San Ramon,37.78,-121.98,33.33,23,1,5.1,US,1596319770
Farmersville,36.3,-119.21,36.67,33,1,4.1,US,1596319676
La Paz Centro,12.34,-86.68,35.0,79,40,2.1,NI,1596319770
Golubitskaya,45.32,37.28,14.0,87,0,2.0,RU,1596319771
Oktyabr'skoye,43.06,44.74,18.0,93,98,2.0,RU,1596319771
Vao,-22.67,167.48,19.04,69,32,7.6,NC,1596319771
Rancho Cucamonga,34.11,-117.59,38.0,12,20,5.1,US,1596319771
Severo-Kuril'sk,50.68,156.12,13.08,79,100,4.85,RU,1596319772
Umluj,25.02,37.27,31.13,74,98,11.84,SA,1596319772
Viedma,-40.81,-63.0,14.44,59,96,1.79,AR,1596319763
Acapulco de Juárez,16.86,-99.89,31.0,74,20,3.6,MX,1596319773
Brainerd,46.36,-94.2,28.0,45,1,6.7,US,1596319773
Caceres,39.52,-6.37,25.0,48,0,1.34,ES,1596319773
Dukat,62.55,155.55,9.95,64,97,1.99,RU,1596319695
Turbat,26.0,63.04,30.06,69,9,2.51,PK,1596319774
Beloha,-25.17,45.05,15.34,80,0,4.76,MG,1596319774
Pekalongan,-6.89,109.68,24.34,75,42,1.53,ID,1596319774
Tabou,4.42,-7.35,23.88,82,91,4.49,CI,1596319775
Muravlenko,63.79,74.52,13.19,93,30,4.82,RU,1596319775
Yulara,-25.24,130.99,4.0,41,0,3.1,AU,1596319775
Matara,5.95,80.54,25.72,88,71,4.99,LK,1596319775
Omboué,-1.57,9.26,23.12,78,75,3.45,GA,1596319776
College,64.86,-147.8,25.0,53,75,1.5,US,1596319776
Svetlaya,46.54,138.33,20.94,87,71,2.04,RU,1596319776
Lázaro Cárdenas,17.96,-102.2,30.88,64,0,4.17,MX,1596319746
Los Llanos de Aridane,28.66,-17.92,23.0,83,61,6.7,ES,1596319719
Acajutla,13.59,-89.83,30.56,59,25,2.69,SV,1596319771
Mehtar Lām,34.67,70.21,29.0,54,40,0.7,AF,1596319777
Lundamo,63.13,10.3,18.33,81,8,0.45,NO,1596319777
Shubarshi,48.59,57.19,26.75,18,0,4.47,KZ,1596319778
São João da Barra,-21.64,-41.05,22.0,73,40,2.1,BR,1596319667
Australind,-33.27,115.72,10.56,84,99,1.47,AU,1596319778
Tiznit Province,29.58,-9.5,26.76,44,20,0.61,MA,1596319778
Umba,66.69,34.34,9.52,89,38,4.38,RU,1596319779
Van,38.49,43.38,20.0,45,40,2.1,TR,1596319779
Bafia,4.75,11.23,20.6,97,84,0.95,CM,1596319779
San Quintín,30.48,-115.95,26.29,59,1,4.3,MX,1596319714
Arlit,18.74,7.39,31.66,42,100,1.18,NE,1596319780
Yorosso,12.35,-4.78,24.3,81,18,3.1,ML,1596319780
Hambantota,6.12,81.12,24.0,100,20,3.6,LK,1596319564
Vostok,46.49,135.88,19.59,97,96,1.91,RU,1596319780
Awjilah,29.11,21.29,26.39,63,0,7.38,LY,1596319781
Campo Grande,-20.44,-54.65,26.0,41,0,3.6,BR,1596319781
Provideniya,64.38,-173.3,8.48,66,28,3.67,RU,1596319781
Liku,-0.73,119.89,23.96,85,95,0.87,ID,1596319781
San Cristobal,7.77,-72.22,35.0,34,20,7.2,VE,1596319781
Ankang,32.68,109.02,24.03,86,76,0.89,CN,1596319782
Villa de Reyes,21.8,-100.93,25.0,38,75,7.2,MX,1596319782
Mannārakkāt,10.98,76.47,23.0,94,75,1.0,IN,1596319782
Vila Velha,-20.33,-40.29,22.78,93,75,2.6,BR,1596319782
Galle,6.04,80.22,26.28,86,56,5.62,LK,1596319783
Ilhabela,-23.78,-45.36,19.38,81,64,2.89,BR,1596319783
Sørland,67.67,12.69,14.52,82,96,3.9,NO,1596319655
Bonavista,48.65,-53.11,13.89,74,66,0.45,CA,1596319665
Aswān,24.09,32.91,37.26,14,7,6.36,EG,1596319783
Sisophon,13.59,102.97,25.49,85,100,4.94,KH,1596319784
San Ignacio,17.16,-89.07,35.0,53,40,3.3,BZ,1596319682
Saint-Donat-de-Montcalm,46.32,-74.22,26.67,6,72,1.03,CA,1596319784
Krasnaya Gora,53.0,31.6,16.0,67,27,4.0,RU,1596319784
Lata,40.16,-8.33,17.78,94,0,1.19,PT,1596319785
Timizart,36.8,4.27,26.39,46,0,1.11,DZ,1596319785
Brae,60.4,-1.35,11.0,93,28,0.5,GB,1596319668
Sioux Lookout,50.1,-91.92,20.0,60,75,3.1,CA,1596319733
Bodden Town,19.28,-81.25,31.67,74,20,2.1,KY,1596319786
Mwene-Ditu,-7.0,23.45,25.44,37,100,1.48,CD,1596319786
Redcar,54.62,-1.06,15.56,79,83,2.24,GB,1596319786
Leh,34.17,77.58,16.35,41,19,2.37,IN,1596319787
Kirakira,-10.45,161.92,28.1,73,17,0.12,SB,1596319787
Gornopravdinsk,60.05,69.9,13.86,92,97,1.69,RU,1596319787
Batagay-Alyta,67.8,130.41,13.13,62,27,1.98,RU,1596319787
Obo,5.4,26.49,20.86,92,100,0.91,CF,1596319788
Tomatlán,19.93,-105.25,33.08,50,75,3.73,MX,1596319788
Ogbomosho,8.13,4.25,21.72,95,2,2.37,NG,1596319788
Soto la Marina,23.77,-98.22,32.78,65,0,2.24,MX,1596319788
Mchinji,-13.8,32.88,10.18,87,0,1.8,MW,1596319788
Aklavik,68.22,-135.01,18.0,72,75,5.7,CA,1596319789
Makaha,21.47,-158.22,31.0,54,75,7.2,US,1596319789
Douentza,15.0,-2.95,31.71,47,1,4.23,ML,1596319789
Kruisfontein,-34.0,24.73,10.39,91,0,2.69,ZA,1596319679
Alihe,50.57,123.72,17.93,92,100,0.84,CN,1596319790
Alamosa,37.47,-105.87,25.0,25,40,4.6,US,1596319790
Beringovskiy,63.05,179.32,10.71,79,100,3.24,RU,1596319790
Grand-Santi,4.25,-54.38,24.39,94,96,1.68,GF,1596319790
Port Moresby,-9.44,147.18,22.0,83,90,1.5,PG,1596319791
Ust-Nera,64.57,143.2,18.32,35,29,1.24,RU,1596319791
Impfondo,1.64,18.07,23.78,84,100,0.24,CG,1596319791
Nāndūra Buzurg,20.83,76.45,28.15,77,44,1.24,IN,1596319743
Buchanan,5.88,-10.05,24.0,94,75,4.83,LR,1596319792
Copiapó,-27.37,-70.33,15.0,62,0,3.6,CL,1596319559
Saint-Augustin,51.23,-58.65,15.25,82,99,2.86,CA,1596319668
Mabaruma,8.2,-59.78,25.75,92,95,1.89,GY,1596319792
Kandi,11.13,2.94,24.05,89,14,1.58,BJ,1596319793
Inverness,57.48,-4.22,13.89,86,99,0.89,GB,1596319793
Makkah al Mukarramah,21.43,39.83,29.44,62,89,6.76,SA,1596319793
Vagay,57.94,69.02,16.23,95,63,1.3,RU,1596319793
Colón,9.36,-79.9,30.0,70,92,2.24,PA,1596319794
Killybegs,54.63,-8.45,12.22,95,100,0.89,IE,1596319794
Garoowe,8.41,48.48,26.62,49,79,7.43,SO,1596319794
Kalmunai,7.42,81.82,26.83,72,100,2.61,LK,1596319794
Coahuayana Viejo,18.73,-103.68,30.0,66,40,5.1,MX,1596319794
Anadyr,64.75,177.48,12.0,71,75,4.0,RU,1596319795
Am Timan,11.03,20.28,22.04,95,100,4.97,TD,1596319795
Dingle,11.0,122.67,24.79,87,100,0.47,PH,1596319795
Prado,-17.34,-39.22,21.22,82,74,3.73,BR,1596319796
Rio Grande,-32.03,-52.1,13.89,90,0,3.51,BR,1596319796
Dossor,47.53,52.98,25.89,27,0,2.62,KZ,1596319796
Panacan,9.25,118.41,26.52,74,100,0.37,PH,1596319796
Río Gallegos,-51.62,-69.22,2.0,93,90,0.5,AR,1596319797
Ust-Maya,60.42,134.53,16.32,58,0,1.28,RU,1596319797
Sakakah,29.97,40.21,31.0,14,0,2.6,SA,1596319692
Ostrovnoy,68.05,39.51,10.48,87,97,6.96,RU,1596319797
Nouadhibou,20.93,-17.03,24.0,83,0,6.7,MR,1596319798
Saint-Pierre,-21.34,55.48,20.0,77,90,6.2,RE,1596319798
Kudahuvadhoo,2.67,72.89,28.25,78,95,5.54,MV,1596319798
Al Bardīyah,31.76,25.09,24.94,89,0,9.55,LY,1596319798
Qaqortoq,60.72,-46.03,12.0,62,75,4.1,GL,1596319799
Cape Coast,5.11,-1.25,23.1,87,2,4.2,GH,1596319799
Sistranda,63.73,8.83,15.56,93,14,6.01,NO,1596319799
Nioro,13.35,-15.75,26.2,84,98,3.67,GM,1596319799
Chapais,49.78,-74.85,27.0,44,1,3.1,CA,1596319800
Darovskoy,58.77,47.96,12.07,96,100,2.26,RU,1596319800
Shimoda,34.67,138.95,22.78,86,23,0.45,JP,1596319800
Ust'-Ilimsk,58.0,102.66,14.71,93,100,2.2,RU,1596319800
Yunhe,34.08,119.72,25.98,96,100,0.69,CN,1596319801
Rāpar,23.57,70.63,30.52,73,99,4.81,IN,1596319684
Mackay,-21.15,149.2,15.0,93,43,4.6,AU,1596319801
Yining,29.04,114.56,25.31,86,74,0.77,CN,1596319720
Itarema,-2.92,-39.92,26.08,73,13,7.2,BR,1596319802
Sola,-13.88,167.55,26.0,94,40,1.5,VU,1596319802
Nechí,8.09,-74.78,31.17,67,94,1.85,CO,1596319802
Kyshtovka,56.55,76.63,17.37,91,88,2.12,RU,1596319803
Notsé,6.95,1.17,22.22,85,0,2.67,TG,1596319803
Tanauan,14.09,121.15,26.0,94,100,0.53,PH,1596319803
Chara,56.91,118.26,15.78,78,95,2.01,RU,1596319803
Ullapool,57.9,-5.16,12.22,86,83,1.34,GB,1596319804
Tecpatán,17.13,-93.3,33.0,46,75,4.1,MX,1596319623
Tamiahua,21.27,-97.45,30.88,68,0,5.25,MX,1596319804
Rohatyn,49.41,24.61,13.0,87,0,2.0,UA,1596319804
Celestún,20.87,-90.4,30.32,69,6,6.4,MX,1596319805
Rafrāf,37.19,10.18,28.0,74,0,1.0,TN,1596319607
Auki,-8.77,160.7,28.39,73,14,0.97,SB,1596319805
Jaciara,-15.97,-54.97,25.94,33,0,1.9,BR,1596319805
Upington,-28.45,21.26,14.0,26,0,1.5,ZA,1596319805
Xiongzhou,25.12,114.3,23.77,88,75,1.13,CN,1596319806
Bereda,43.27,-7.54,16.11,93,47,2.68,ES,1596319806
Abū Zabad,12.35,29.25,22.34,89,100,3.12,SD,1596319806
Necochea,-38.55,-58.74,11.11,74,100,4.92,AR,1596319544
Port-Cartier,50.03,-66.87,24.0,57,40,4.6,CA,1596319807
Kjøllefjord,70.95,27.35,9.44,85,96,2.53,NO,1596319807
San Andrés,12.58,-81.7,31.0,70,20,3.1,CO,1596319732
Nicoya,10.15,-85.45,32.0,66,40,5.1,CR,1596319807
Powell River,49.85,-124.54,24.0,53,20,3.6,CA,1596319808
Isangel,-19.55,169.27,22.0,88,90,2.1,VU,1596319670
Tevaitoa,-16.78,-151.5,26.36,78,43,5.39,PF,1596319808
Coffeyville,37.04,-95.62,30.0,42,1,2.1,US,1596319808
Ruska Poliana,49.42,31.92,13.47,89,13,2.93,UA,1596319809
Suntar,62.14,117.63,15.21,68,0,1.39,RU,1596319809
Sauda,59.65,6.35,15.0,86,100,2.54,NO,1596319809
Seabra,-12.42,-41.77,17.82,65,2,3.35,BR,1596319610
Palanga,55.92,21.07,13.0,100,33,1.5,LT,1596319809
Zhangaözen,43.3,52.8,23.96,29,2,1.66,KZ,1596319810
San Joaquin,10.26,-67.79,26.1,73,95,2.56,VE,1596319810
Tosno,59.54,30.88,12.22,87,20,2.0,RU,1596319810
Alta Floresta,-9.88,-56.09,26.81,24,0,1.39,BR,1596319811
‘Āhuimanu,21.44,-157.84,30.0,58,20,6.7,US,1596319811
Manono,-7.3,27.42,25.43,33,66,2.53,CD,1596319811
Amahai,-3.33,128.92,24.93,87,96,4.91,ID,1596319811
Naranjal,-2.67,-79.62,32.0,52,40,4.6,EC,1596319811
Ayr,55.46,-4.63,13.0,93,75,3.16,GB,1596319812
Mersing,2.43,103.84,24.0,100,100,2.1,MY,1596319812
Mahibadhoo,3.78,72.97,28.33,78,100,6.32,MV,1596319812
Barcelona,41.39,2.16,28.33,88,0,1.0,ES,1596319812
Westport,41.14,-73.36,30.56,51,1,3.1,US,1596319745
Iralaya,15.0,-83.23,31.0,70,40,2.6,HN,1596319813
Akom,2.67,12.71,20.61,89,85,1.51,CM,1596319813
Krasnoborsk,61.56,45.93,8.05,89,0,1.37,RU,1596319813
Samaná,19.21,-69.34,30.0,70,40,3.1,DO,1596319707
Altay,47.87,88.12,13.27,53,0,1.04,CN,1596319721
Marsá Maţrūḩ,31.35,27.25,25.0,83,0,3.6,EG,1596319814
Phitsanulok,16.92,100.5,22.65,100,100,1.05,TH,1596319814
Lodja,-3.48,23.43,25.83,45,64,1.29,CD,1596319814
Gouyave,12.16,-61.73,30.0,70,20,5.1,GD,1596319814
Gamba,-2.65,10.0,21.87,84,13,2.95,GA,1596319815
Mangochi,-14.48,35.26,16.5,80,24,2.84,MW,1596319815
Sirte,31.21,16.59,25.42,81,0,1.36,LY,1596319815
Comodoro Rivadavia,-45.87,-67.5,15.0,38,100,15.4,AR,1596319816
Susanino,58.15,41.59,10.6,96,8,3.63,RU,1596319816
Campbell River,50.02,-125.24,24.0,47,75,4.6,CA,1596319816
